2014-15|3,512,155|12,825,901|16,338,057|1,593|5,818|7,411|$59,546,149|$3.64|$8.04
2013-14|6,722,872|10,520,645|17,243,518|3,049|4,772|7,822|$60,137,555|$3.47|$7.69
2012-13|16,689,333|7,679,464|24,368,798|7,570|3,483|11,054|$69,515,296|$2.85|$6.29
2011-12|16,285,821|15,602,631|31,888,452|7,387|7,077|14,465|$95,546,394|$3.00|$6.61
2010-11|8,435,195|19,114,723|27,549,918|3,826|8,670|12,497|$56,734,206|$2.06|$4.54
2009-10|13,783,245|3,396,500|17,179,745|6,252|1,541|7,793|$34,243,996|$1.99|$4.39
2008-09|5,091,089|1,098,397|6,189,486|2,309|498|2,808|$14,717,043|$2.38|$5.24
2007-08|4,851,136|3,845,813|8,696,949|2,200|1,744|3,945|$23,771,122|$2.73|$6.03
2006-07|7,545,973|6,013,377|13,559,350|3,423|2,728|6,151|$30,703,805|$2.26|$4.99
2005-06|17,762,666|6,003,206|23,765,872|8,057|2,723|10,780|$39,635,628|$1.67|$3.68
2004-05|19,114,470|6,117,673|25,232,143|8,670|2,775|11,445|$39,390,732|$1.56|$3.44
2003-04|15,931,062|5,370,201|21,301,263|7,226|2,436|9,662|$35,603,786|$1.67|$3.68
2002-03|9,493,499|4,364,987|13,858,486|4,306|1,980|6,286|$22,606,277|$1.63|$3.60
2001-02|1,898,292|1,720,073|3,618,365|861|780|1,641|$7,698,871|$2.13|$4.69
2000-01|4,024,677|1,674,250|5,698,927|1,826|759|2,585|$12,704,501|$2.23|$4.91
1999-00|7,841,311|946,834|8,788,145|3,557|429|3,986|$17,803,239|$2.03|$4.47
1998-99|8,594,637|1,295,967|9,890,604|3,899|588|4,486|$17,463,575|$1.77|$3.89
1997-98|7,795,745|3,605,434|11,401,179|3,536|1,635|5,172|$22,061,630|$1.94|$4.27
1996-97|2,202,960|1,805,651|4,008,611|999|819|1,818|$8,540,094|$2.13|$4.70
1995-96|13,084,053|2,042,519|15,126,572|5,935|926|6,861|$19,976,312|$1.32|$2.91
1994-95|10,175,284|3,170,183|13,345,467|4,616|1,438|6,054|$20,812,181|$1.56|$3.44
1993-94|5,362,162|915,943|6,278,105|2,432|415|2,848|$7,709,508|$1.23|$2.71
1992-93|9,607,833|466,025|10,073,858|4,358|211|4,570|$11,209,190|$1.11|$2.45
1991-92|8,678,034|1,154,905|9,832,939|3,936|524|4,460|$12,789,288|$1.30|$2.87

price_df = pd.read_table('raw_data/Price_info.txt', sep = '|', header = None)
price_df['Season'] = map(lambda x:int(x[:4]), price_df[0])
price_df['Price'] = map(lambda x: float(x[1:]), price_df[8])
price_df = price_Df[['Season', 'Price']]